date,location_key,new_persons_vaccinated,cumulative_persons_vaccinated,new_persons_fully_vaccinated,cumulative_persons_fully_vaccinated,new_vaccine_doses_administered,cumulative_vaccine_doses_administered,new_persons_vaccinated_pfizer,cumulative_persons_vaccinated_pfizer,new_persons_fully_vaccinated_pfizer,cumulative_persons_fully_vaccinated_pfizer,new_vaccine_doses_administered_pfizer,cumulative_vaccine_doses_administered_pfizer,new_persons_vaccinated_moderna,cumulative_persons_vaccinated_moderna,new_persons_fully_vaccinated_moderna,cumulative_persons_fully_vaccinated_moderna,new_vaccine_doses_administered_moderna,cumulative_vaccine_doses_administered_moderna,new_persons_vaccinated_janssen,cumulative_persons_vaccinated_janssen,new_persons_fully_vaccinated_janssen,cumulative_persons_fully_vaccinated_janssen,new_vaccine_doses_administered_janssen,cumulative_vaccine_doses_administered_janssen,new_persons_vaccinated_sinovac,total_persons_vaccinated_sinovac,new_persons_fully_vaccinated_sinovac,total_persons_fully_vaccinated_sinovac,new_vaccine_doses_administered_sinovac,total_vaccine_doses_administered_sinovac
2021-01-25,AD,,576,,,,576,,,,,,,,,,,,,,,,,,,,,,,,
2021-02-01,AD,460,1036,,,460,1036,,,,,,,,,,,,,,,,,,,,,,,,
2021-02-10,AD,255,1291,,,255,1291,,,,,,,,,,,,,,,,,,,,,,,,
2021-02-12,AD,331,1622,,,331,1622,,,,,,,,,,,,,,,,,,,,,,,,
2021-02-19,AD,519,2141,,,519,2141,,,,,,,,,,,,,,,,,,,,,,,,
2021-02-24,AD,249,2390,,,249,2390,,,,,,,,,,,,,,,,,,,,,,,,
2021-02-26,AD,0,,,,136,2526,,,,,,,,,,,,,,,,,,,,,,,,
2021-03-08,AD,49,2439,,1172,1085,3611,,,,,,,,,,,,,,,,,,,,,,,,
2021-03-10,AD,1211,3650,92,1264,1303,4914,,,,,,,,,,,,,,,,,,,,,,,,
2021-03-15,AD,3448,7098,1,1265,3449,8363,,,,,,,,,,,,,,,,,,,,,,,,
2021-03-19,AD,0,,0,,925,9288,,,,,,,,,,,,,,,,,,,,,,,,
2021-04-04,AD,0,,0,,3152,12440,,,,,,,,,,,,,,,,,,,,,,,,
2021-04-05,AD,2683,9781,3219,4484,2829,15269,,,,,,,,,,,,,,,,,,,,,,,,
2021-04-11,AD,0,,0,,1822,17091,,,,,,,,,,,,,,,,,,,,,,,,
2021-04-12,AD,0,,0,,1973,19064,,,,,,,,,,,,,,,,,,,,,,,,
2021-04-19,AD,11952,21733,197,4681,7350,26414,,,,,,,,,,,,,,,,,,,,,,,,
2021-04-26,AD,2089,23822,0,4681,2089,28503,,,,,,,,,,,,,,,,,,,,,,,,
2021-05-03,AD,360,24182,18,4699,378,28881,,,,,,,,,,,,,,,,,,,,,,,,
2021-05-10,AD,2749,26931,3,4702,2752,31633,,,,,,,,,,,,,,,,,,,,,,,,
2021-05-17,AD,682,27613,2,4704,684,32317,,,,,,,,,,,,,,,,,,,,,,,,
2021-05-31,AD,0,27613,3599,8303,3599,35916,,,,,,,,,,,,,,,,,,,,,,,,
2021-06-07,AD,2922,30535,2635,10938,5557,41473,,,,,,,,,,,,,,,,,,,,,,,,
2021-06-14,AD,4111,34646,5478,16416,9634,51107,,,,,,,,,,,,,,,,,,,,,,,,
2021-06-21,AD,4021,38667,8182,24598,12158,63265,,,,,,,,,,,,,,,,,,,,,,,,
2021-06-28,AD,3049,41716,2015,26613,5064,68329,,,,,,,,,,,,,,,,,,,,,,,,
2021-07-12,AD,1292,43008,397,27010,1689,70018,,,,,,,,,,,,,,,,,,,,,,,,
2021-07-19,AD,5437,48445,6894,33904,12331,82349,,,,,,,,,,,,,,,,,,,,,,,,
2021-08-01,AD,2302,50747,1669,35573,3971,86320,,,,,,,,,,,,,,,,,,,,,,,,
2021-08-15,AD,297,51044,5043,40616,5340,91660,,,,,,,,,,,,,,,,,,,,,,,,
2021-08-29,AD,1866,52910,2392,43008,4258,95918,,,,,,,,,,,,,,,,,,,,,,,,
2021-09-26,AD,1402,54312,4712,47720,6114,102032,,,,,,,,,,,,,,,,,,,,,,,,
2021-10-03,AD,71,54383,589,48309,660,102692,,,,,,,,,,,,,,,,,,,,,,,,
2021-10-31,AD,616,54999,1226,49535,1842,104534,,,,,,,,,,,,,,,,,,,,,,,,
2021-12-05,AD,1096,56095,798,50333,1894,106428,,,,,,,,,,,,,,,,,,,,,,,,
2021-12-12,AD,533,56628,218,50551,9281,115709,,,,,,,,,,,,,,,,,,,,,,,,
2021-12-26,AD,457,57085,841,51392,1537,117246,,,,,,,,,,,,,,,,,,,,,,,,
2022-01-16,AD,558,57643,1654,53046,18175,135421,,,,,,,,,,,,,,,,,,,,,,,,
2022-01-23,AD,66,57709,58,53104,4772,140193,,,,,,,,,,,,,,,,,,,,,,,,
2022-02-06,AD,82,57791,104,53208,1769,141962,,,,,,,,,,,,,,,,,,,,,,,,
2022-02-13,AD,6,57797,42,53250,458,142420,,,,,,,,,,,,,,,,,,,,,,,,
2022-02-20,AD,8,57805,51,53301,8864,151284,,,,,,,,,,,,,,,,,,,,,,,,
2022-03-13,AD,12,57817,66,53367,713,151997,,,,,,,,,,,,,,,,,,,,,,,,
2022-03-27,AD,18,57835,22,53389,190,152187,,,,,,,,,,,,,,,,,,,,,,,,
2022-04-10,AD,15,57850,17,53406,114,152301,,,,,,,,,,,,,,,,,,,,,,,,
2022-04-24,AD,16,57866,8,53414,162,152463,,,,,,,,,,,,,,,,,,,,,,,,
2022-05-01,AD,8,57874,13,53427,231,152694,,,,,,,,,,,,,,,,,,,,,,,,
2022-05-22,AD,4,57878,15,53442,297,152991,,,,,,,,,,,,,,,,,,,,,,,,
2022-05-29,AD,2,57880,8,53450,81,153072,,,,,,,,,,,,,,,,,,,,,,,,
2022-06-12,AD,3,57883,3,53453,105,153177,,,,,,,,,,,,,,,,,,,,,,,,
2022-06-26,AD,3,57886,3,53456,206,153383,,,,,,,,,,,,,,,,,,,,,,,,
2022-07-03,AD,2,57888,3,53459,64,153447,,,,,,,,,,,,,,,,,,,,,,,,
2022-07-10,AD,0,57888,1,53460,84,153531,,,,,,,,,,,,,,,,,,,,,,,,
2022-08-21,AD,4,57892,14,53474,546,154077,,,,,,,,,,,,,,,,,,,,,,,,
2022-09-04,AD,1,57893,4,53478,118,154195,,,,,,,,,,,,,,,,,,,,,,,,
2021-01-05,AE,,,,,,826301,,,,,,,,,,,,,,,,,,,,,,,,
2021-01-07,AE,,,,,61396,887697,,,,,,,,,,,,,,,,,,,,,,,,
2021-01-08,AE,,,,,53859,941556,,,,,,,,,,,,,,,,,,,,,,,,
2021-01-09,AE,,,,,78793,1020349,,,,,,,,,,,,,,,,,,,,,,,,
2021-01-10,AE,,836568,,250000,66219,1086568,,,,,,,,,,,,,,,,,,,,,,,,
2021-01-11,AE,0,,0,,80683,1167251,,,,,,,,,,,,,,,,,,,,,,,,
2021-01-12,AE,0,,0,,108401,1275652,,,,,,,,,,,,,,,,,,,,,,,,
2021-01-13,AE,0,,0,,118928,1394580,,,,,,,,,,,,,,,,,,,,,,,,
2021-01-14,AE,0,,0,,133253,1527833,,,,,,,,,,,,,,,,,,,,,,,,
2021-01-15,AE,0,,0,,138154,1665987,,,,,,,,,,,,,,,,,,,,,,,,
2021-01-16,AE,0,,0,,131939,1797926,,,,,,,,,,,,,,,,,,,,,,,,
2021-01-17,AE,0,,0,,84852,1882778,,,,,,,,,,,,,,,,,,,,,,,,
2021-01-18,AE,0,,0,,88743,1971521,,,,,,,,,,,,,,,,,,,,,,,,
2021-01-19,AE,0,,0,,93846,2065367,,,,,,,,,,,,,,,,,,,,,,,,
2021-01-20,AE,0,,0,,95783,2161150,,,,,,,,,,,,,,,,,,,,,,,,
2021-01-21,AE,0,,0,,84919,2246069,,,,,,,,,,,,,,,,,,,,,,,,
2021-01-22,AE,0,,0,,93004,2339073,,,,,,,,,,,,,,,,,,,,,,,,
2021-01-23,AE,0,,0,,87720,2426793,,,,,,,,,,,,,,,,,,,,,,,,
2021-01-24,AE,0,,0,,60991,2487784,,,,,,,,,,,,,,,,,,,,,,,,
2021-01-25,AE,0,,0,,83302,2571086,,,,,,,,,,,,,,,,,,,,,,,,
2021-01-26,AE,0,,0,,106589,2677675,,,,,,,,,,,,,,,,,,,,,,,,
2021-01-27,AE,0,,0,,86770,2764445,,,,,,,,,,,,,,,,,,,,,,,,
2021-01-28,AE,0,,0,,104200,2868645,,,,,,,,,,,,,,,,,,,,,,,,
2021-01-29,AE,0,,0,,137956,3006601,,,,,,,,,,,,,,,,,,,,,,,,
2021-01-30,AE,0,,0,,107561,3114162,,,,,,,,,,,,,,,,,,,,,,,,
2021-01-31,AE,0,,0,,220000,3334162,,,,,,,,,,,,,,,,,,,,,,,,
2021-02-01,AE,0,,0,,106615,3440777,,,,,,,,,,,,,,,,,,,,,,,,
2021-02-02,AE,0,,0,,123740,3564517,,,,,,,,,,,,,,,,,,,,,,,,
2021-02-03,AE,0,,0,,127074,3691591,,,,,,,,,,,,,,,,,,,,,,,,
2021-02-04,AE,0,,0,,157783,3849374,,,,,,,,,,,,,,,,,,,,,,,,
2021-02-05,AE,0,,0,,158786,4008160,,,,,,,,,,,,,,,,,,,,,,,,
2021-02-06,AE,0,,0,,193187,4201347,,,,,,,,,,,,,,,,,,,,,,,,
2021-02-07,AE,0,,0,,112521,4313868,,,,,,,,,,,,,,,,,,,,,,,,
2021-02-08,AE,0,,0,,99781,4413649,,,,,,,,,,,,,,,,,,,,,,,,
2021-02-09,AE,0,,0,,113495,4527144,,,,,,,,,,,,,,,,,,,,,,,,
2021-02-10,AE,0,,0,,157514,4684658,,,,,,,,,,,,,,,,,,,,,,,,
2021-02-11,AE,0,,0,,107550,4792208,,,,,,,,,,,,,,,,,,,,,,,,
2021-02-12,AE,0,,0,,109587,4901795,,,,,,,,,,,,,,,,,,,,,,,,
2021-02-13,AE,0,,0,,103469,5005264,,,,,,,,,,,,,,,,,,,,,,,,
2021-02-14,AE,0,,0,,49967,5055231,,,,,,,,,,,,,,,,,,,,,,,,
2021-02-15,AE,0,,0,,31604,5086835,,,,,,,,,,,,,,,,,,,,,,,,
2021-02-16,AE,0,,0,,111890,5198725,,,,,,,,,,,,,,,,,,,,,,,,
2021-02-17,AE,0,,0,,85681,5284406,,,,,,,,,,,,,,,,,,,,,,,,
2021-02-18,AE,0,,0,,89324,5373730,,,,,,,,,,,,,,,,,,,,,,,,
2021-02-19,AE,0,,0,,93101,5466831,,,,,,,,,,,,,,,,,,,,,,,,
2021-02-20,AE,0,,0,,86560,5553391,,,,,,,,,,,,,,,,,,,,,,,,
2021-02-21,AE,0,,0,,951,5554342,,,,,,,,,,,,,,,,,,,,,,,,
2021-02-22,AE,0,,0,,3451,5557793,,,,,,,,,,,,,,,,,,,,,,,,
2021-02-23,AE,2643847,3480415,1937849,2187849,110471,5668264,,,,,,,,,,,,,,,,,,,,,,,,
2021-02-24,AE,0,,0,,93199,5761463,,,,,,,,,,,,,,,,,,,,,,,,
2021-02-25,AE,0,,0,,84573,5846036,,,,,,,,,,,,,,,,,,,,,,,,
2021-02-26,AE,0,,0,,87263,5933299,,,,,,,,,,,,,,,,,,,,,,,,
2021-02-27,AE,0,,0,,81790,6015089,,,,,,,,,,,,,,,,,,,,,,,,
2021-02-28,AE,0,,0,,5372,6020461,,,,,,,,,,,,,,,,,,,,,,,,
2021-03-01,AE,0,,0,,7956,6028417,,,,,,,,,,,,,,,,,,,,,,,,
2021-03-02,AE,0,,0,,66539,6094956,,,,,,,,,,,,,,,,,,,,,,,,
2021-03-03,AE,0,,0,,73374,6168330,,,,,,,,,,,,,,,,,,,,,,,,
2021-03-04,AE,0,,0,,35674,6204004,,,,,,,,,,,,,,,,,,,,,,,,
2021-03-05,AE,0,,0,,31312,6235316,,,,,,,,,,,,,,,,,,,,,,,,
2021-03-06,AE,0,,0,,30544,6265860,,,,,,,,,,,,,,,,,,,,,,,,
2021-03-07,AE,0,,0,,7149,6273009,,,,,,,,,,,,,,,,,,,,,,,,
2021-03-08,AE,0,,0,,14742,6287751,,,,,,,,,,,,,,,,,,,,,,,,
2021-03-09,AE,0,,0,,37460,6325211,,,,,,,,,,,,,,,,,,,,,,,,
2021-03-10,AE,0,,0,,42650,6367861,,,,,,,,,,,,,,,,,,,,,,,,
2021-03-11,AE,0,,0,,39489,6407350,,,,,,,,,,,,,,,,,,,,,,,,
2021-03-12,AE,0,,0,,55537,6462887,,,,,,,,,,,,,,,,,,,,,,,,
2021-03-13,AE,0,,0,,53836,6516723,,,,,,,,,,,,,,,,,,,,,,,,
2021-03-14,AE,0,,0,,24189,6540912,,,,,,,,,,,,,,,,,,,,,,,,
2021-03-15,AE,0,,0,,37969,6578881,,,,,,,,,,,,,,,,,,,,,,,,
2021-03-16,AE,0,,0,,89746,6668627,,,,,,,,,,,,,,,,,,,,,,,,
2021-03-17,AE,0,,0,,161742,6830369,,,,,,,,,,,,,,,,,,,,,,,,
2021-03-18,AE,0,,0,,150097,6980466,,,,,,,,,,,,,,,,,,,,,,,,
2021-03-19,AE,0,,0,,143680,7124146,,,,,,,,,,,,,,,,,,,,,,,,
2021-03-20,AE,0,,0,,56910,7181056,,,,,,,,,,,,,,,,,,,,,,,,
2021-03-21,AE,0,,0,,117712,7298768,,,,,,,,,,,,,,,,,,,,,,,,
2021-03-22,AE,0,,0,,75957,7374725,,,,,,,,,,,,,,,,,,,,,,,,
2021-03-23,AE,0,,0,,103156,7477881,,,,,,,,,,,,,,,,,,,,,,,,
2021-03-24,AE,0,,0,,125447,7603328,,,,,,,,,,,,,,,,,,,,,,,,
2021-03-25,AE,0,,0,,127047,7730375,,,,,,,,,,,,,,,,,,,,,,,,
2021-03-26,AE,0,,0,,69142,7799517,,,,,,,,,,,,,,,,,,,,,,,,
2021-03-27,AE,0,,0,,160165,7959682,,,,,,,,,,,,,,,,,,,,,,,,
2021-03-28,AE,0,,0,,122069,8081751,,,,,,,,,,,,,,,,,,,,,,,,
2021-03-29,AE,0,,0,,52090,8133841,,,,,,,,,,,,,,,,,,,,,,,,
2021-03-30,AE,0,,0,,86942,8220783,,,,,,,,,,,,,,,,,,,,,,,,
2021-03-31,AE,0,,0,,87686,8308469,,,,,,,,,,,,,,,,,,,,,,,,
2021-04-01,AE,0,,0,,82833,8391302,,,,,,,,,,,,,,,,,,,,,,,,
2021-04-02,AE,0,,0,,100080,8491382,,,,,,,,,,,,,,,,,,,,,,,,
2021-04-03,AE,0,,0,,67909,8559291,,,,,,,,,,,,,,,,,,,,,,,,
2021-04-04,AE,0,,0,,19688,8578979,,,,,,,,,,,,,,,,,,,,,,,,
2021-04-05,AE,0,,0,,17743,8596722,,,,,,,,,,,,,,,,,,,,,,,,
2021-04-06,AE,0,,0,,62781,8659503,,,,,,,,,,,,,,,,,,,,,,,,
2021-04-07,AE,0,,0,,47570,8707073,,,,,,,,,,,,,,,,,,,,,,,,
2021-04-08,AE,0,,0,,182498,8889571,,,,,,,,,,,,,,,,,,,,,,,,
2021-04-09,AE,0,,0,,33972,8923543,,,,,,,,,,,,,,,,,,,,,,,,
2021-04-10,AE,0,,0,,51471,8975014,,,,,,,,,,,,,,,,,,,,,,,,
